# node_id	x	y	ux	uy
0	0	0	-1	-1
1	1	0	-1	-1
2	1	2	0	0
3	0	2	0	0
4	0.1999999999995569	0	-1	-1
5	0.3999999999989731	0	-1	-1
6	0.599999999998945	0	-1	-1
7	0.7999999999994725	0	-1	-1
8	1	0.1999999999996283	0	0
9	1	0.3999999999991138	0	0
10	1	0.59999999999853	0	0
11	1	0.7999999999979462	0	0
12	1	0.9999999999973842	0	0
13	1	1.19999999999789	0	0
14	1	1.399999999998418	0	0
15	1	1.599999999998945	0	0
16	1	1.799999999999472	0	0
17	0.8	2	0	0
18	0.6000000000013874	2	0	0
19	0.400000000001665	2	0	0
20	0.2000000000008325	2	0	0
21	0	1.799999999999167	0	0
22	0	1.6	0	0
23	0	1.400000000001388	0	0
24	0	1.200000000002775	0	0
25	0	1.000000000004119	0	0
26	0	0.80000000000333	0	0
27	0	0.6000000000024974	0	0
28	0	0.400000000001665	0	0
29	0	0.2000000000008324	0	0
30	0.2000000000007049	1.799999999999228	0	0
31	0.4000000000013957	1.799999999999289	0	0
32	0.6000000000011431	1.799999999999351	0	0
33	0.7999999999999472	1.799999999999411	0	0
34	0.2000000000005774	1.599999999999789	0	0
35	0.4000000000011267	1.599999999999578	0	0
36	0.6000000000008988	1.599999999999367	0	0
37	0.7999999999998946	1.599999999999156	0	0
38	0.2000000000004498	1.400000000000794	0	0
39	0.4000000000008574	1.400000000000199	0	0
40	0.6000000000006546	1.399999999999606	0	0
41	0.7999999999998417	1.399999999999012	0	0
42	0.2000000000003222	1.200000000001798	0	0
43	0.4000000000005882	1.200000000000821	0	0
44	0.6000000000004103	1.199999999999844	0	0
45	0.7999999999997891	1.199999999998867	0	0
46	0.2000000000001947	1.000000000002772	0	0
47	0.4000000000003191	1.000000000001425	0	0
48	0.6000000000001661	1.000000000000078	0	0
49	0.7999999999997363	0.999999999998731	0	0
50	0.2000000000000672	0.8000000000022534	0	0
51	0.4000000000000499	0.8000000000011767	0	0
52	0.599999999999922	0.8000000000001	0	0
53	0.7999999999996834	0.799999999999023	0	0
54	0.1999999999999396	0.6000000000017041	0	0
55	0.3999999999997806	0.6000000000009105	0	0
56	0.5999999999996778	0.6000000000001169	0	0
57	0.7999999999996308	0.5999999999993235	0	0
58	0.199999999999812	0.4000000000011548	0	0
59	0.3999999999995115	0.4000000000006446	0	0
60	0.5999999999994335	0.4000000000001342	0	0
61	0.7999999999995779	0.3999999999996241	0	0
62	0.1999999999996845	0.2000000000005916	0	0
63	0.3999999999992423	0.2000000000003508	0	0
64	0.5999999999991893	0.20000000000011	0	0
65	0.7999999999995253	0.1999999999998691	0	0
